LU-precision:0.7878787878787878
R-precision:0.648870636550308
KJ-precision:0.8061538461538461
S-precision:0.5671902268760908
GB-precision:0.656084656084656
GE-precision:0.8024691358024691
K-precision:0.625
AG-precision:0.9411764705882353
LU-recall:0.935251798561151
R-recall:0.6694915254237288
KJ-recall:0.4418212478920742
S-recall:0.5363036303630363
GB-recall:0.5299145299145299
GE-recall:0.48148148148148145
K-recall:0.20408163265306123
AG-recall:0.3902439024390244
LU-fscore:0.8552631578947368
R-fscore:0.6590198123044837
KJ-fscore:0.570806100217865
S-fscore:0.551314673452078
GB-fscore:0.5862884160756501
GE-fscore:0.6018518518518519
K-fscore:0.3076923076923077
AG-fscore:0.5517241379310345
Precision RandomForest:0.7407077676385488
Recall RandomForest:0.7407077676385488
F-Score RandomForest:0.7407077676385488
ConfusionMatrix RandomForest:
[[2210   16   45   83    2    6    1    0]
 [  46  316   11   60   37    2    0    0]
 [ 291   16  262   19    1    0    4    0]
 [ 201   55    5  325   14    5    0    1]
 [  13   59    0   35  124    3    0    0]
 [  20    7    0   32   11   65    0    0]
 [  20    7    1   11    0    0   10    0]
 [   4   11    1    8    0    0    1   16]]
