LU-precision:0.7834687389614977
R-precision:0.6710526315789473
KJ-precision:0.7593220338983051
S-precision:0.521415270018622
GB-precision:0.6306818181818182
GE-precision:0.8461538461538461
K-precision:0.8823529411764706
AG-precision:0.8571428571428571
LU-recall:0.927257525083612
R-recall:0.7
KJ-recall:0.398576512455516
S-recall:0.4878048780487805
GB-recall:0.5068493150684932
GE-recall:0.5099337748344371
K-recall:0.3191489361702128
AG-recall:0.3157894736842105
LU-fscore:0.8493203139957878
R-fscore:0.6852207293666026
KJ-fscore:0.5227537922987164
S-fscore:0.5040504050405041
GB-fscore:0.5620253164556963
GE-fscore:0.6363636363636364
K-fscore:0.46875
AG-fscore:0.46153846153846156
Precision RandomForest:0.7331404406855108
Recall RandomForest:0.7331404406855108
F-Score RandomForest:0.7331404406855109
ConfusionMatrix RandomForest:
[[2218   19   46  102    4    3    0    0]
 [  47  357   14   55   34    1    1    1]
 [ 304   16  224   15    0    1    1    1]
 [ 197   66    8  280   17    6    0    0]
 [  31   50    1   24  111    2    0    0]
 [  17   10    1   36   10   77    0    0]
 [  16    2    0   14    0    0   15    0]
 [   1   12    1   11    0    1    0   12]]
